000010100001000000000010
000111100001000000000011
000000000000001000110100
000000000010001001000101
000011110001000000000110
000000100011000001100110
000000110100000000000111
000001010001000000001001
000000000101000010001010
000000000101000001111000
000000000111001000000000
000000000110000000001011
000010100001000000000010
000010100001000000000011
000001010001000000000100
000000000001000000000111
000000101000001100100000
000000010001000001110111
000000101000010000100000
000000010001000001110111
000000101001010000100000
000000010001000001110111
000000101001001100100000
000000010001000001110111
000000101010001001000000
000000010001000001110111
000000101010001100100000
000000010001000001110111
000000101011010000100000
000000010001000001110111
000000101011001001000000
000000010001000001110111
000010100001000000000010
000011000001000000000011
000000001100001100100100
000000001101001100100101
000000001110000000000000
